48.93126473495147
78.9274479289225
90.54426883792408
70.39617744162291
88.0826543590965
81.38653108664712
77.18567849078059
58.6753972533385
71.29845451444933
77.67052934014097
67.44893572881645
80.25323589083746
65.64885921636363
85.72484728299395
83.65873034009962
72.51818301497389
66.39881435110516
88.77666139795446
67.73408765040614
57.983353922149114
97.22381906005617
96.11459120378794
70.40416082311194
61.938257771042146
76.66012633944817
87.4484736903656
84.49419457924375
93.53350448144795
69.33819117903442
74.81310675944559
77.20316688756944
53.32577949998851
63.17230374809061
85.71921257583543
84.77293933531786
67.47875432654692
91.0687528080519
49.779188048642716
54.57035507207559
56.34744423924507
66.21017706086859
64.4364131452125
74.11982289539446
65.22820386491799
92.64745738064227
49.17023476619802
59.91875839763605
79.14000487345226
50.88356818701954
95.09833138905688
56.98418136214964
66.13409829497249
60.53896703105209
62.14617036983783
75.57557359368187
81.29465149904854
61.654535877087035
91.92669414598376
72.87370106024102
61.26025133477155
61.373975888927944
74.28216323051285
77.4245783255706
74.20918997063828
50.568891892699575
59.045731794956595
82.8031622479723
84.56880880007279
88.73636088505765
53.48384783674024
47.6206760589355
79.26308161527857
69.25878595483607
64.13470550441048
103.18200933019193
66.12021843494878
84.77306217293929
55.27862319710324
82.33775357332087
58.18111385421691
83.90817694532919
83.86185326735952
51.555772060696825
86.98818946039958
85.1797459492119
80.1538822706037
75.57569576142961
74.42042427297167
65.71722827878779
56.820275370450226
49.55935113222636
79.30710196908859
100.91651663374924
68.61188070832358
100.27661956538353
74.05822155311989
72.92513355516809
74.07169918262596
71.36270205052355
38.36049315364903